3,1
3,3
10,242
10,254
10,134
10,230
10,310
10,118
10,94
10,2
10,3
9,4
9,6
8,16
8,18
8,12
8,2
8,3
67,3
67,2
67,1
67,0
28,3
28,2
28,1
26,2
20,3
20,2
20,1
19,3
19,2
19,1
12,3
12,2
12,1
11,29
11,28
11,27
11,26
11,25
11,24
11,23
11,22
11,21
11,20
11,19
11,18
11,17
11,16
11,15
11,14
11,13
11,12
11,11
11,10
11,9
11,8
11,7
11,6
11,5
11,4
11,3
11,2
11,1
10,313
10,309
10,306
10,303
10,301
10,297
10,292
10,289
10,288
18,1
10,285
10,283
10,279
10,277
10,276
10,275
10,273
10,271
10,270
10,269
10,264
10,262
10,261
10,259
10,257
18,3
14,1
10,256
14,3
13,1
